[gd_scene load_steps=8 format=2]

[ext_resource path="res://Master.tscn" type="PackedScene" id=1]

[sub_resource type="PlaneMesh" id=1]
size = Vector2( 1800, 1200 )

[sub_resource type="OpenSimplexNoise" id=2]
period = 16.0
persistence = 0.75
lacunarity = 4.0

[sub_resource type="NoiseTexture" id=3]
width = 2048
height = 2048
seamless = true
as_normalmap = true
bump_strength = 1.0
noise = SubResource( 2 )

[sub_resource type="SpatialMaterial" id=4]
albedo_color = Color( 0.243137, 0.376471, 0.435294, 1 )
metallic = 1.0
roughness = 0.0
normal_enabled = true
normal_scale = 1.0
normal_texture = SubResource( 3 )

[sub_resource type="ProceduralSky" id=5]
ground_bottom_color = Color( 0.517647, 0.607843, 0.694118, 1 )
ground_horizon_color = Color( 0.862745, 0.933333, 1, 1 )

[sub_resource type="Environment" id=6]
background_mode = 2
background_sky = SubResource( 5 )
fog_enabled = true
fog_color = Color( 0.396078, 0.505882, 0.611765, 1 )
fog_depth_begin = 0.0
fog_depth_end = 5000.0
fog_depth_curve = 0.683022
ss_reflections_max_steps = 128
dof_blur_far_distance = 384.32
dof_blur_far_transition = 1268.39
dof_blur_far_amount = 0.04

[node name="Spatial" type="Spatial"]

[node name="City" parent="." instance=ExtResource( 1 )]

[node name="Water" type="MeshInstance" parent="City"]
transform = Transform( 0.881295, 0, 0.472566, 0, 1, 0, -0.472566, 0, 0.881295, -254.238, 0, -364.181 )
mesh = SubResource( 1 )
material/0 = SubResource( 4 )

[node name="Sun" type="DirectionalLight" parent="."]
transform = Transform( 1, 0, 0, 0, -0.751506, 0.659726, 0, -0.659726, -0.751506, 0, 58.9137, 0 )
light_energy = 1.26
directional_shadow_max_distance = 595.3

[node name="WorldEnvironment" type="WorldEnvironment" parent="."]
environment = SubResource( 6 )

[node name="Camera" type="Camera" parent="."]
transform = Transform( -1.62921e-07, -0.422618, 0.906308, 0, 0.906308, 0.422618, -1, 6.88533e-08, -1.47657e-07, 821.725, 108.619, -89.5689 )
near = 1.0
far = 10000.0
